--- Event Rate Summary ---
Disease Group          | 1Y Count   1Y Processed 1Y Rate    | 10Y Count  10Y Processed 10Y Rate  
----------------------------------------------------------------------------------------------------
ASCVD                  | 1660       407878       0.0041     | 22561      407878       0.0553    
Diabetes               | 1692       407878       0.0041     | 24240      407878       0.0594    
Atrial_Fib             | 926        407878       0.0023     | 15558      407878       0.0381    
CKD                    | 113        407878       0.0003     | 4850       407878       0.0119    
All_Cancers            | 773        407878       0.0019     | 12732      407878       0.0312    
Stroke                 | 100        407878       0.0002     | 2162       407878       0.0053    
Heart_Failure          | 116        407878       0.0003     | 3532       407878       0.0087    
Pneumonia              | 528        407878       0.0013     | 14747      407878       0.0362    
COPD                   | 499        407878       0.0012     | 11362      407878       0.0279    
Osteoporosis           | 370        407878       0.0009     | 9295       407878       0.0228    
Anemia                 | 455        407878       0.0011     | 10823      407878       0.0265    
Colorectal_Cancer      | 176        407878       0.0004     | 3466       407878       0.0085    
Breast_Cancer          | 135        221717       0.0006     | 1657       221717       0.0075    
Prostate_Cancer        | 462        186161       0.0025     | 7729       186161       0.0415    
Lung_Cancer            | 83         407878       0.0002     | 3391       407878       0.0083    
Bladder_Cancer         | 114        407878       0.0003     | 2191       407878       0.0054    
Secondary_Cancer       | 164        407878       0.0004     | 7145       407878       0.0175    
Depression             | 608        407878       0.0015     | 16609      407878       0.0407    
Anxiety                | 187        407878       0.0005     | 10234      407878       0.0251    
Bipolar_Disorder       | 61         407878       0.0001     | 993        407878       0.0024    
Rheumatoid_Arthritis   | 284        407878       0.0007     | 4840       407878       0.0119    
Psoriasis              | 115        407878       0.0003     | 2065       407878       0.0051    
Ulcerative_Colitis     | 171        407878       0.0004     | 2099       407878       0.0051    
Crohns_Disease         | 113        407878       0.0003     | 1212       407878       0.0030    
Asthma                 | 1960       407878       0.0048     | 24812      407878       0.0608    
Parkinsons             | 82         407878       0.0002     | 1874       407878       0.0046    
Multiple_Sclerosis     | 72         407878       0.0002     | 814        407878       0.0020    
Thyroid_Disorders      | 1117       407878       0.0027     | 16431      407878       0.0403    
----------------------------------------------------------------------------------------------------